4.093642685945497739e-01 -1.230015407588052057e+00 -3.415448015154844530e+00 -3.838006444968311115e+00 0.000000000000000000e+00 nan
-1.500046369829633353e+00 -1.483656606723423810e+00 -2.390177660054179309e+00 -3.390161675650013251e+00 1.000000000000000056e-01 nan
-1.653359918917907123e-03 2.168887928705660606e-01 -4.619409606164133208e+00 -4.329747871123406533e+00 2.000000000000000111e-01 nan
-2.643824984025360258e-01 -1.625098816011175451e+00 -2.927101228325488691e+00 -3.725331722794010592e+00 2.999999999999999889e-01 nan
1.541555157598973658e+00 8.199498533496263342e-01 -3.723726573621348734e+00 -2.770976385729429392e+00 4.000000000000000222e-01 nan
1.826444152002610455e+00 -7.988736964688674114e-01 -3.129840812647354475e+00 -2.774983267355225713e+00 5.000000000000000000e-01 nan
3.972561774300578108e-01 -1.778052464241715924e+00 -2.867946188778503380e+00 -3.389747653856498566e+00 5.999999999999999778e-01 nan
1.014500592177433713e+00 1.488490052642875927e+00 -3.686633169999247617e+00 -2.705507518743178519e+00 6.999999999999999556e-01 nan
-1.880758034595584327e+00 -1.073563369546464141e+00 -2.348809740550254599e+00 -3.311578134927648520e+00 8.000000000000000444e-01 nan
1.385946311339062209e+00 1.822653598226811944e+00 -3.204424726480417096e+00 -2.214010755366763394e+00 9.000000000000000222e-01 nan
1.786709156352639383e-02 4.666105878532191831e-01 -4.645786475119083825e+00 -4.099654440724690652e+00 1.000000000000000000e+00 nan
5.623861802548115740e-01 1.691320264374078786e+00 -3.646031262316928867e+00 -2.759363134681366070e+00 1.100000000000000089e+00 nan
1.254357379781710691e+00 1.583655776644522728e+00 -3.475336198663200982e+00 -2.482430457143629976e+00 1.199999999999999956e+00 nan
-1.621313911974242572e+00 1.121266006848508745e+00 -2.881159863531994603e+00 -3.055184071783993094e+00 1.300000000000000044e+00 nan
-2.349586091535971200e-01 -8.357959221078581358e-01 -3.673011619693406615e+00 -4.503388903279115674e+00 1.399999999999999911e+00 nan
-1.936875959187992713e+00 8.161533991045235581e-01 -2.663321722141868353e+00 -3.031466451876802637e+00 1.500000000000000000e+00 nan
1.228066981981717820e+00 1.185231565514178520e+00 -3.793160073513110131e+00 -2.793332343988594868e+00 1.600000000000000089e+00 nan
1.420688366402970804e+00 3.201789356289581612e-01 -3.932343261698532544e+00 -3.102146196445589865e+00 1.699999999999999956e+00 nan
5.806933794426782924e-02 8.478767168645968688e-01 -4.424095167353298663e+00 -3.730012766302384541e+00 1.800000000000000044e+00 nan
-1.427325507540264216e+00 -1.311049351315793032e+00 -2.562289611502525766e+00 -3.561325236916709436e+00 1.899999999999999911e+00 nan
1.520728063202619662e+00 -3.751047778256504373e-01 -3.624049621976012325e+00 -3.125594646205125837e+00 2.000000000000000000e+00 nan
1.905773111742318893e+00 -1.431980989219160172e+00 -2.634092333962250176e+00 -2.496489998095877461e+00 2.100000000000000089e+00 nan
1.107902651104009983e+00 -9.429604071032611223e-01 -3.500003055186249323e+00 -3.424165493167287799e+00 2.200000000000000178e+00 nan
-1.591086367731451290e+00 1.896513599757901680e+00 -2.517591895613737307e+00 -2.432065162319635654e+00 2.299999999999999822e+00 nan
8.564300039474774806e-01 -1.571760383168465669e+00 -3.010095978270493688e+00 -3.283000264466108487e+00 2.399999999999999911e+00 nan
6.856454574660046930e-01 1.658224243927653330e+00 -3.653726930960861541e+00 -2.735671513104525499e+00 2.500000000000000000e+00 nan
-1.404521785085890428e+00 7.975190123098090389e-01 -3.186733942134945874e+00 -3.441313937013785740e+00 2.600000000000000089e+00 nan
7.311177346727166793e-01 -1.796692346087085390e+00 -2.816857411429065650e+00 -3.194685208931816511e+00 2.700000000000000178e+00 nan
1.511424251987413925e+00 2.036762899894681844e-01 -3.832469239398373695e+00 -3.053555414544723234e+00 2.799999999999999822e+00 nan
6.673949024560652532e-01 2.486884453765094705e-01 -4.669102506350323978e+00 -3.814660113692020182e+00 2.899999999999999911e+00 nan
1.057383654568671894e+00 -9.853155265133528573e-02 -4.163484706418250525e+00 -3.566201031093408247e+00 3.000000000000000000e+00 nan
1.479514217651303198e+00 -1.493089928598786198e+00 -2.837159429734620986e+00 -2.841602358728799516e+00 3.100000000000000089e+00 nan
2.206033923191546009e-01 -7.876550166790341478e-01 -3.851073400573350014e+00 -4.280208201536964907e+00 3.200000000000000178e+00 nan
-1.420488556891631227e+00 6.625406065352219542e-01 -3.199250730653600883e+00 -3.526637295135828687e+00 3.299999999999999822e+00 nan
-1.443581432803986431e-02 1.574174444156847041e+00 -3.725114981129173053e+00 -3.042671377769589736e+00 3.399999999999999911e+00 nan
-2.764616133692863187e-01 1.963581574105289995e+00 -3.271095821937795467e+00 -2.681582956682692309e+00 3.500000000000000000e+00 nan
-1.654209227125264636e+00 -5.674842489998677131e-01 -2.791058836760176298e+00 -3.681867981845780680e+00 3.600000000000000089e+00 nan
-1.824361044810030918e+00 -8.278739702647515131e-01 -2.522282926377175549e+00 -3.454601938657069660e+00 3.700000000000000178e+00 nan
-1.387434248481955734e-01 1.968561882986405553e+00 -3.311625460688373046e+00 -2.667970269234238412e+00 3.799999999999999822e+00 nan
-5.208199279184095865e-01 9.667535459674798659e-01 -3.932037860841460564e+00 -3.669139939272658246e+00 3.899999999999999911e+00 nan
-1.269744321308400536e+00 -8.483990136025783002e-01 -2.980152222711473620e+00 -3.958713290137573448e+00 4.000000000000000000e+00 nan
1.351474427369788511e+00 -1.188096244678740643e+00 -3.163555066555098438e+00 -3.101689794756136820e+00 4.099999999999999645e+00 nan
6.350646630238614421e-01 1.279717087548045029e+00 -4.031998042325111165e+00 -3.090827899139078738e+00 4.200000000000000178e+00 nan
-1.013986982788162461e+00 -2.550435205191492471e-01 -3.503151018624850899e+00 -4.332259987568915172e+00 4.299999999999999822e+00 nan
4.158629019294166618e-01 1.462030701605856464e+00 -3.889772805128322020e+00 -3.028110797472154836e+00 4.400000000000000355e+00 nan
4.800113814006414792e-01 -6.176580691954800528e-01 -4.020590319088054976e+00 -4.125596483098997069e+00 4.500000000000000000e+00 nan
-2.127437605524793440e-01 -7.556374771857137240e-01 -3.754609762138750639e+00 -4.573973047093142341e+00 4.599999999999999645e+00 nan
5.556465148003675303e-01 -4.354449896469931858e-01 -4.185530801765009024e+00 -4.087119557683822180e+00 4.700000000000000178e+00 nan
-7.344512514792955749e-01 -7.375878437326619519e-01 -3.459109577413829850e+00 -4.459106626380378025e+00 4.799999999999999822e+00 nan
1.982430091644666881e+00 -3.536084028999755269e-01 -3.224241821247988860e+00 -2.664016517114290661e+00 4.900000000000000355e+00 nan
5.063025203026505494e-01 5.776942440611367857e-01 -4.728759481602998527e+00 -3.732492862129725530e+00 5.000000000000000000e+00 nan
-5.864718081950535122e-01 -1.113667091985857116e+00 -3.257477885690752029e+00 -4.205000736916788107e+00 5.099999999999999645e+00 nan
-5.064510066830463231e-01 -9.286358718142104784e-01 -3.456103349324296303e+00 -4.404939044119710267e+00 5.200000000000000178e+00 nan
-3.961669707391406448e-01 6.213079246892583285e-01 -4.203901318475301352e+00 -4.024207757128989371e+00 5.299999999999999822e+00 nan
7.232503099329381513e-01 8.228683616404413037e-01 -4.402561840674499294e+00 -3.405172627336868096e+00 5.400000000000000355e+00 nan
-1.661075690684627570e+00 -5.521093631869877782e-02 -2.944320401889818140e+00 -3.658872569343702974e+00 5.500000000000000000e+00 nan
-1.919669699571809662e+00 8.452845156900141710e-01 -2.674200628375568822e+00 -3.027708789557117530e+00 5.599999999999999645e+00 nan
-7.487083678036579037e-01 -1.924250404874401799e+00 -2.469511684541648489e+00 -3.380359124161843809e+00 5.700000000000000178e+00 nan
-9.849939300670174092e-02 -3.370716276877638862e-02 -4.404750090003561880e+00 -4.590910582954714769e+00 5.799999999999999822e+00 nan
5.487300222693880514e-02 9.158228002329953377e-01 -4.363323580292731485e+00 -3.666535327731274663e+00 5.900000000000000355e+00 nan
-1.039426205810424886e+00 -1.882417968842410527e+00 -2.365619602978022318e+00 -3.324336424792013744e+00 6.000000000000000000e+00 nan
-1.932806061880122162e+00 1.705583431981317233e+00 -2.343795042032674303e+00 -2.404988737240389085e+00 6.099999999999999645e+00 nan
-6.519076100226772752e-02 -9.629430525425530796e-01 -3.618511835271560173e+00 -4.325827346864842937e+00 6.200000000000000178e+00 nan
3.865193141832357071e-01 1.822125575559620181e+00 -3.531057858670067162e+00 -2.701895004114184484e+00 6.299999999999999822e+00 nan
4.695917024804661111e-01 -1.255933949953354389e+00 -3.386335106285853769e+00 -3.778583396967935215e+00 6.400000000000000355e+00 nan
7.303111336374037421e-01 -1.916434663676752859e+00 -2.698958461158875721e+00 -3.098064096600301021e+00 6.500000000000000000e+00 nan
-1.790211816489283958e+00 -1.382533965276183885e+00 -2.241426352205269090e+00 -3.232858676909859064e+00 6.599999999999999645e+00 nan
4.401376237416538828e-01 -7.510513953487518712e-01 -3.892006966377531185e+00 -4.112334471762819632e+00 6.700000000000000178e+00 nan
2.469230615517110650e-01 1.834098580189693628e+00 -3.515619965942477609e+00 -2.731433687358637119e+00 6.799999999999999822e+00 nan
2.314589502290465006e-02 -3.959041408731502898e-01 -4.180942184824032459e+00 -4.620927529576457360e+00 6.900000000000000355e+00 nan
-3.699662642000105528e-01 1.065981701473995180e+00 -3.984601167512709985e+00 -3.580370027073794148e+00 7.000000000000000000e+00 nan
-1.609077362066146932e-02 -1.336852430275997872e+00 -3.269650715212060188e+00 -3.960404877226248566e+00 7.099999999999999645e+00 nan
-7.386696366425775651e-01 -1.221315065774753794e+00 -3.083450549532503970e+00 -4.050618702583163255e+00 7.200000000000000178e+00 nan
-1.332642838973354671e-01 1.856451863684128956e+00 -3.420223032002533081e+00 -2.779042883245463891e+00 7.299999999999999822e+00 nan
-7.811732054844289230e-01 6.218563121223192880e-01 -3.833985032022696693e+00 -3.934972866899970612e+00 7.400000000000000355e+00 nan
-1.123311541707587846e+00 8.132116422678272727e-01 -3.453256408905297725e+00 -3.602191625037861833e+00 7.500000000000000000e+00 nan
1.839988617889872557e+00 2.868503052551867327e-01 -3.512068890525535281e+00 -2.714886559350577322e+00 7.599999999999999645e+00 nan
7.464625881956528097e-01 7.379756441977138870e-01 -4.450310900029060157e+00 -3.450332039634714132e+00 7.700000000000000178e+00 nan
-1.016422043033297751e+00 -1.109376556069952002e+00 -2.995755324920537088e+00 -3.994682384587417978e+00 7.799999999999999822e+00 nan
1.750346247345200723e+00 -8.416299168901728578e-01 -3.161660144815360951e+00 -2.840228627368236225e+00 7.900000000000000355e+00 nan
1.427152819848905629e+00 -4.353775099324734832e-01 -3.667698344854895431e+00 -3.217414856335612861e+00 8.000000000000000000e+00 nan
1.153678482730773780e+00 -1.097046845107656488e+00 -3.343364491843894726e+00 -3.319366061014580094e+00 8.099999999999999645e+00 nan
4.376120304842041620e-01 8.295459443517678721e-01 -4.516642196531548414e+00 -3.576740796672615019e+00 8.199999999999999289e+00 nan
-4.245005214569870233e-01 1.990355479180887954e+00 -3.187684087345285633e+00 -2.655017636487689625e+00 8.300000000000000711e+00 nan
-1.115274062341628181e+00 1.929022768999201443e+00 -2.846036711364376526e+00 -2.593680755571136309e+00 8.400000000000000355e+00 nan
-1.525765187289827463e+00 -1.657832046593610276e+00 -2.247272317481433745e+00 -3.246368536775013691e+00 8.500000000000000000e+00 nan
-5.475800965576524959e-01 -1.355723791796492605e+00 -3.067729302633017241e+00 -3.979219967047156636e+00 8.599999999999999645e+00 nan
3.228874678054323155e-01 -1.323532453153646316e+00 -3.322633812753831517e+00 -3.817446992005568696e+00 8.699999999999999289e+00 nan
-1.822013698519736824e+00 -9.608393846850580289e-01 -2.458205254758847769e+00 -3.410921035764575393e+00 8.800000000000000711e+00 nan
1.015020568721025196e+00 1.907980330045101702e+00 -3.310685956420811760e+00 -2.356606451604742247e+00 8.900000000000000355e+00 nan
7.466258957549993802e-01 -2.243350957052685501e-01 -4.301100080905330358e+00 -3.892258229620477294e+00 9.000000000000000000e+00 nan
-1.390800280890281737e+00 2.967546461302701388e-01 -3.254721847787369615e+00 -3.775752617295816460e+00 9.099999999999999645e+00 nan
1.116792674636757798e+00 1.313886138667075265e-01 -4.205084034173941276e+00 -3.451747339990303587e+00 9.199999999999999289e+00 nan
6.521541794440994799e-01 -1.709798411826218612e+00 -2.915153940538989463e+00 -3.311554479987693256e+00 9.300000000000000711e+00 nan
-6.423684819150201619e-01 2.933369701931436424e-01 -4.002259355630817694e+00 -4.291564190731743444e+00 9.400000000000000355e+00 nan
1.782414689435988908e+00 3.353379880143267933e-01 -3.571022599121454366e+00 -2.755689199236483589e+00 9.500000000000000000e+00 nan
-1.947018459449135985e+00 -1.040215190363300124e+00 -2.310163258770291606e+00 -3.264881746702194221e+00 9.599999999999999645e+00 nan
-4.337610513406198187e-01 -1.972824113575281757e+00 -2.544008077704815296e+00 -3.378744022941091441e+00 9.699999999999999289e+00 nan
-1.586995255908617342e+00 -1.040179586062687012e+00 -2.610811715318651416e+00 -3.588322144603310893e+00 9.800000000000000711e+00 nan
-5.336427075298999512e-01 -1.965720288176657338e+00 -2.516827168004612147e+00 -3.377805724415742894e+00 9.900000000000000355e+00 nan
2.916686262609768931e-01 -9.969367760288527780e-02 -4.542547675833997545e+00 -4.306634147860576078e+00 9.900000000000000355e+00 1.990381105561292330e+01
-4.493707488288686269e-01 -4.316599801369833678e-01 -3.876947369336432025e+00 -4.876381209076460443e+00 1.000000000000000000e+01 2.112477586642605587e+01
3.741192610600173607e-01 3.824401367712870758e-01 -4.964540175792767407e+00 -3.965014995139223952e+00 1.009999999999999964e+01 2.228374785745077347e+01
2.966976956027838619e-01 3.108092706897803703e-01 -4.928868924940108975e+00 -4.070374150097871180e+00 1.020000000000000107e+01 2.354292814622929342e+01
-4.326864290992044060e-01 -3.298292642688585574e-01 -3.958277912763448647e+00 -4.917387216769812497e+00 1.030000000000000071e+01 2.355538546347720796e+01
-5.356904295252133963e-01 -2.395298848438669470e-01 -3.931120987565867253e+00 -4.785115703658271435e+00 1.040000000000000036e+01 2.375098191200153153e+01
-3.179628054511426383e-01 -3.768133031180538328e-01 -4.007846025642804122e+00 -4.957482788409636854e+00 1.050000000000000000e+01 2.374819348698077448e+01
4.221399931981866249e-01 2.686389146844612164e-01 -4.890846024920057822e+00 -4.005603956964495893e+00 1.059999999999999964e+01 2.393545489359224021e+01
-2.406264833101658951e-01 -1.417388421016020916e-01 -4.226460008584053796e+00 -4.759962733432372417e+00 1.070000000000000107e+01 2.392761435126086766e+01
2.569456009166060095e-01 4.493767486303424930e-01 -4.863929499994629424e+00 -3.991334630757932267e+00 1.080000000000000071e+01 2.394937917920634618e+01
2.248272398343056644e-01 1.190933143484580459e-01 -4.732526731724560065e+00 -4.253060202328138750e+00 1.090000000000000036e+01 2.387584167367189636e+01
0.000000000000000000e+00 -1.452875196344447506e-01 -4.388573590922980827e+00 -4.589665169640402276e+00 1.100000000000000000e+01 2.391097908417616935e+01
-1.998969287166166287e-02 2.774548317670566533e-02 -4.504333551932698576e+00 -4.493390118951505308e+00 1.110000000000000142e+01 2.391224659059614055e+01
-2.694195590631525694e-01 -1.796969850164464866e-01 -4.179968745052033974e+00 -4.806856138155951363e+00 1.120000000000000107e+01 2.394528553471320009e+01
7.342347971280327457e-02 1.723485056865594611e-01 -4.666371498094128434e+00 -4.322591665029801078e+00 1.130000000000000071e+01 2.391100206051578070e+01
2.309524951384255287e-01 1.960570534992538416e-01 -4.800410231313416709e+00 -4.197679134815388124e+00 1.140000000000000036e+01 2.391708524121582968e+01
-2.979249709010836078e-01 -3.642971013295084326e-01 -4.030601534842791267e+00 -4.943343593496989818e+00 1.150000000000000000e+01 2.393077679549856995e+01
3.788728349963231823e-01 3.413271088288775124e-01 -4.971883168196585601e+00 -3.990392608778738470e+00 1.160000000000000142e+01 2.394347154140644918e+01
-9.859535416823653198e-02 -1.530748475158923982e-01 -4.320948706621504876e+00 -4.675661833001202083e+00 1.170000000000000107e+01 2.409013749776665492e+01
-2.994888074394868038e-01 -3.414301970392233931e-01 -4.046340574686121627e+00 -4.944592861709508291e+00 1.180000000000000071e+01 2.410122189665159453e+01
8.661562076430956436e-02 1.680531812667235281e-02 -4.570284934786744024e+00 -4.424748462249583625e+00 1.190000000000000036e+01 2.412615292996903804e+01
-2.389534601524290758e-01 -3.675301631515239253e-01 -4.066712338203371857e+00 -4.884550902003560680e+00 1.200000000000000000e+01 2.413200017452312451e+01
1.486318852131432999e-01 3.727205670862363540e-01 -4.794184053042600091e+00 -4.117014205754007783e+00 1.210000000000000142e+01 2.411966713160491338e+01
4.387688813116645825e-01 3.651179778290897238e-01 -4.914003374855108852e+00 -3.930297649648895941e+00 1.220000000000000107e+01 2.412098046487194836e+01
3.248733366046506754e-01 3.849841769440834893e-01 -4.957450736464416252e+00 -3.997153769094940579e+00 1.230000000000000071e+01 2.405285417880879351e+01
-1.666787734130625198e+00 -1.799425786946979189e+00 -2.047526867324186206e+00 -3.046763857700870659e+00 1.240000000000000036e+01 2.402690887681462684e+01
-8.744826430693797281e-02 -8.637653511919440863e-02 -4.377086844606647098e+00 -4.622911932916349720e+00 1.250000000000000000e+01 2.401903225384733531e+01
-1.698477616954334746e-01 2.466408155053607665e-01 -4.465791178536823836e+00 -4.372321066847770332e+00 1.260000000000000142e+01 2.402857560342424392e+01
2.445256816392805677e-01 2.312803677840251648e-01 -4.836177738305602603e+00 -4.163501881902732293e+00 1.270000000000000107e+01 2.401908290058790740e+01
-1.216218382258427155e-02 2.035577490028588343e-01 -4.604719626256954967e+00 -4.346608250800143125e+00 1.280000000000000071e+01 2.401007364404588529e+01
-3.409968739103086399e-02 -7.780453044860405343e-02 -4.420047790834213508e+00 -4.577995139411035197e+00 1.290000000000000036e+01 2.400328232550119623e+01
0.000000000000000000e+00 1.616525578492364890e-01 -4.597724062852555527e+00 -4.375150282619455488e+00 1.300000000000000000e+01 2.401007993509675487e+01
-2.410961887095277034e-01 -2.647606865929373887e-01 -4.142141958007250047e+00 -4.856714388233804414e+00 1.310000000000000142e+01 2.400239335510401162e+01
1.173573851735415507e+00 8.645355205186818770e-01 -4.033803180612316019e+00 -3.046577820941838155e+00 1.320000000000000107e+01 2.398607824332983540e+01
3.502238334425206157e-01 3.684941610524081756e-01 -4.984692728109402893e+00 -3.991706864097026575e+00 1.330000000000000071e+01 2.397358916827460007e+01
-3.225748401180290603e-01 -3.963030768258640757e-01 -3.990329704262275179e+00 -4.947206001642873829e+00 1.340000000000000036e+01 2.406045431193095396e+01
3.961201834958934243e-02 2.648836038319557495e-02 -4.546645040622067313e+00 -4.453181226296618611e+00 1.350000000000000000e+01 2.414118002712253741e+01
-7.364649071632095589e-02 2.023479362779845303e-02 -4.458150366177142665e+00 -4.533025183482007670e+00 1.360000000000000142e+01 2.414374680170136500e+01
2.205719631397514147e-01 3.013682632695822705e-01 -4.857145712135174875e+00 -4.129056664014512101e+00 1.370000000000000107e+01 2.414698045253388514e+01
-3.140509673968713278e-01 -2.497576395789198045e-01 -4.100177918733448834e+00 -4.888941459729467809e+00 1.380000000000000071e+01 2.414737420514591548e+01
2.947624932061863046e-01 2.613803398122966359e-01 -4.890673695270297827e+00 -4.106435800864209895e+00 1.390000000000000036e+01 2.414435832237207791e+01
2.949928191522893095e-01 3.171525822749208245e-01 -4.931048137271542231e+00 -4.067016244398431901e+00 1.400000000000000000e+01 2.414927969829975751e+01
-3.673147574628130574e-01 -4.023129617289544768e-01 -3.955497807826750645e+00 -4.949335702951155547e+00 1.410000000000000142e+01 2.414070687040403129e+01
9.999192308280208108e-02 1.129052517231267094e-01 -4.650421761907681528e+00 -4.349394884319843335e+00 1.419999999999999929e+01 2.417119786966642181e+01
1.686451820449036409e-01 1.677054051005002488e-01 -4.737834938826147813e+00 -4.262163919726424943e+00 1.430000000000000071e+01 2.418674938234815386e+01
-2.048257367068089252e-01 6.224265037195939598e-01 -4.380258117627474412e+00 -4.012752984743165108e+00 1.440000000000000036e+01 2.419295934355807987e+01
1.435460986430292296e+00 4.994896987402691613e-02 -3.876300889824101148e+00 -3.166046184850964451e+00 1.450000000000000000e+01 2.418890950070770174e+01
1.165733743444843373e-01 6.028347167645109472e-02 -4.622949905923952940e+00 -4.373677300679519320e+00 1.460000000000000142e+01 2.418729136235221944e+01
4.425619905088283845e-01 4.823077798791746140e-01 -4.843474527250953621e+00 -3.845676130225612610e+00 1.470000000000000107e+01 2.418698639669052142e+01
-3.779137958644706030e-01 -3.667994102017389513e-01 -3.973378159945139210e+00 -4.972271199440927880e+00 1.480000000000000071e+01 2.410124917764793651e+01
-1.910191002492578338e-01 -7.764435390187252040e-02 -4.305384500144043614e+00 -4.679776340559274495e+00 1.490000000000000036e+01 2.418149875727026199e+01
-1.277160852329797258e-01 -9.375473681058776876e-02 -4.342957482955915438e+00 -4.655764863792647645e+00 1.500000000000000000e+01 2.419705410281244440e+01
-3.110393866797397933e-01 -2.858455037595103443e-01 -4.077766566587927244e+00 -4.920051276006094376e+00 1.510000000000000142e+01 2.419834969885957676e+01
-1.899906794941632615e-01 -1.154668587930287593e-01 -4.282072322262467701e+00 -4.711143708590655343e+00 1.520000000000000107e+01 2.420171942519277053e+01
2.035773241723355387e-01 9.925027840271249957e-02 -4.704766374935200446e+00 -4.282068390449713213e+00 1.530000000000000071e+01 2.420394654305465920e+01
-5.481470385510965881e-01 1.459600000000000009e+00 -3.572974153668106556e+00 -3.176434288092305103e+00 1.540000000000000036e+01 2.420813470445482807e+01
2.000000000000000000e+00 7.104031599152185183e-01 -3.315325492716165279e+00 -2.417130064493563157e+00 1.550000000000000000e+01 2.420806189214731674e+01
0.000000000000000000e+00 5.310772263591904963e-02 -4.536030605110271452e+00 -4.461137066581114752e+00 1.560000000000000142e+01 2.420843220423982700e+01
0.000000000000000000e+00 0.000000000000000000e+00 -4.500000000000000000e+00 -4.500000000000000000e+00 1.570000000000000107e+01 2.419974516248464980e+01
4.774426502032895758e-01 -3.168453721391137901e-01 -4.318250009373059584e+00 -4.168193593173030287e+00 1.580000000000000071e+01 2.419924538882419895e+01
2.194231644917902235e-01 1.492502734584938429e-01 -4.755601388659790985e+00 -4.237691888236108539e+00 1.590000000000000036e+01 2.419717169535419998e+01
-3.145051465106714628e-01 -2.465826517446604027e-01 -4.101965769967256925e+00 -4.886125049568605050e+00 1.600000000000000000e+01 2.419964514573430492e+01
-4.336059784214172375e-01 -3.578026896701534953e-01 -3.939034710673646078e+00 -4.919834712246338171e+00 1.610000000000000142e+01 2.417067041324361654e+01
1.224434999471451513e-01 1.176637809940016544e-01 -4.669764191112831142e+00 -4.330209986187567139e+00 1.620000000000000284e+01 2.412517654008983925e+01
1.478325841186116651e-01 -3.407480931393536139e-02 -4.561164413954509556e+00 -4.405479639092111377e+00 1.630000000000000071e+01 2.412538294038314746e+01
3.004244003952236675e-01 3.227957842745667882e-01 -4.938610098990785957e+00 -4.059183781256614054e+00 1.639999999999999858e+01 2.411950932833047645e+01
-1.273244300105673688e-01 -1.086902145210967952e+00 -3.481396816486352463e+00 -4.232549715938775492e+00 1.650000000000000000e+01 2.413917835424416580e+01
1.056031152810100959e+00 1.334378393129463714e+00 -3.793561981696001784e+00 -2.800899663156971364e+00 1.660000000000000142e+01 2.413703248131470502e+01
-3.491505330627622250e-01 -4.051544021914933458e-01 -3.965867359013399707e+00 -4.948211492081799001e+00 1.670000000000000284e+01 2.413388112987533063e+01
4.797623053794231041e-02 6.690508748776868853e-02 -4.581019510692028618e+00 -4.418612548780071592e+00 1.680000000000000071e+01 2.412729226827930162e+01
3.385510568419809463e-01 4.181070086118452434e-01 -4.933726026094153561e+00 -3.963434354292473039e+00 1.689999999999999858e+01 2.412386028943309668e+01
0.000000000000000000e+00 -4.646823613607942161e-02 -4.466129882976019871e+00 -4.531703841476359074e+00 1.700000000000000000e+01 2.409378369043804113e+01
0.000000000000000000e+00 1.425812607161325296e-02 -4.509978289739297708e+00 -4.489818354121471344e+00 1.710000000000000142e+01 2.408946130368650884e+01
-3.118391406184521930e-01 -3.610127665905378258e-01 -4.023602532989363212e+00 -4.957624052326461417e+00 1.720000000000000284e+01 2.408301269675816769e+01
0.000000000000000000e+00 -8.968156347859412847e-02 -4.433028021405739594e+00 -4.558832978176247330e+00 1.730000000000000071e+01 2.410592510935653010e+01
2.588413180732506147e-01 1.436326062347123012e-01 -4.769702122487522900e+00 -4.211190013599855675e+00 1.739999999999999858e+01 2.409855657986024369e+01
-2.646090481664695737e-01 -1.576551881977648339e-01 -4.197841030890418601e+00 -4.784855393394283674e+00 1.750000000000000000e+01 2.409385139184631086e+01
8.291241311601074693e-02 8.034359309328928389e-02 -4.615435139228983630e+00 -4.384557890407319469e+00 1.760000000000000142e+01 2.409380019614575019e+01
0.000000000000000000e+00 0.000000000000000000e+00 -4.500000000000000000e+00 -4.500000000000000000e+00 1.770000000000000284e+01 2.409107503000557315e+01
-1.589106770836345994e-03 0.000000000000000000e+00 -4.498875072028923228e+00 -4.501122402701182246e+00 1.780000000000000071e+01 2.408552308479778858e+01
1.140096107887191845e-01 0.000000000000000000e+00 -4.572938853976326712e+00 -4.413813033016480425e+00 1.789999999999999858e+01 2.408093367512390515e+01
-2.541229894841250392e-01 -2.252850906573697909e-01 -4.160759527739204877e+00 -4.837706557639647187e+00 1.800000000000000000e+01 2.408160528350854435e+01
-2.338059668908525346e-01 -3.262481521137904350e-01 -4.101600783453664079e+00 -4.877178904369857015e+00 1.810000000000000142e+01 2.406203513061254284e+01
-3.800830328406322733e-01 -3.670562755705132352e-01 -3.971651473109637731e+00 -4.970231731315352341e+00 1.820000000000000284e+01 2.405593358945137084e+01
1.611338897918312973e-01 1.599108572489975622e-01 -4.727011547847412842e+00 -4.272986567935333824e+00 1.830000000000000071e+01 2.408609217110297607e+01
4.244754853570587017e-02 5.910567991851767289e-02 -4.571646992208583171e+00 -4.428069713805354191e+00 1.839999999999999858e+01 2.408275235522008728e+01
2.091896036811625725e-01 6.701860259709446765e-02 -4.679152547612387636e+00 -4.297461403863761298e+00 1.850000000000000000e+01 2.407899194823639277e+01
0.000000000000000000e+00 0.000000000000000000e+00 -4.500000000000000000e+00 -4.500000000000000000e+00 1.860000000000000142e+01 2.407467248446013386e+01
-3.325627575670461189e-01 -3.587229061878035585e-01 -4.011014210555824633e+00 -4.978382170175435384e+00 1.870000000000000284e+01 2.407031494287968698e+01
0.000000000000000000e+00 0.000000000000000000e+00 -4.500000000000000000e+00 -4.500000000000000000e+00 1.880000000000000071e+01 2.408344191640019716e+01
1.999870839941515932e+00 -2.000000000000000000e+00 -2.127792711797841463e+00 -2.127824509801816699e+00 1.889999999999999858e+01 2.407985548494614392e+01
8.232945529388403794e-02 4.284078544458641558e-02 -4.587562433721694255e+00 -4.410829228376507594e+00 1.900000000000000000e+01 2.407654024040742868e+01
-2.480447501871441141e-02 -2.737790780068238838e-02 -4.463098399549261686e+00 -4.536894941653160984e+00 1.910000000000000142e+01 2.407298973783733942e+01
3.631791400036712414e-01 3.569918548593518093e-01 -4.989778547646206874e+00 -3.990752722940887676e+00 1.920000000000000284e+01 2.406954010120382392e+01
1.039639317366289895e-01 1.770507149536618696e-01 -4.694307192625840841e+00 -4.299383973167050677e+00 1.930000000000000071e+01 2.433258398606540851e+01
6.406426336879134098e-01 -1.266649422411972647e+00 -3.354558603665640959e+00 -3.650122191448583742e+00 1.939999999999999858e+01 2.434029714657418708e+01
-1.970672671540671383e-01 -1.226219191554556720e-01 -4.272039812659777169e+00 -4.721042563588158991e+00 1.950000000000000000e+01 2.434673603451182444e+01
-1.350134647721923375e-01 -9.640710511104200187e-02 -4.335799714049915821e+00 -4.662533095970593067e+00 1.960000000000000142e+01 2.435693275551015091e+01
-1.955817964708701950e+00 -1.959812740826968769e+00 -1.731229754985593505e+00 -2.731229217025556988e+00 1.970000000000000284e+01 2.436446347366460330e+01
-1.767463852200623631e-01 1.182519908606849135e-01 -4.419840883081382898e+00 -4.496153758456055805e+00 1.980000000000000071e+01 2.437148178914835839e+01
-1.950093917268864718e-01 -2.362873431580793104e-01 -4.194498158078350691e+00 -4.802800797522864151e+00 1.989999999999999858e+01 2.437961964632938816e+01
-3.171222103789427260e-01 -2.519444272026981624e-01 -4.096432974763284385e+00 -4.892057365544857817e+00 2.000000000000000000e+01 2.438170280975947080e+01
8.492003847520235293e-01 -7.133457706855629299e-01 -3.823590308117070791e+00 -3.744584849191376019e+00 2.010000000000000142e+01 2.437104873592468834e+01
-1.122711791017484417e-01 -3.611678410024116159e-02 -4.392681817514717757e+00 -4.601273145218367056e+00 2.020000000000000284e+01 2.437814388023410572e+01
-2.422225110722839858e-01 -2.865554886045726946e-01 -4.125535419680515403e+00 -4.870064309730525842e+00 2.030000000000000071e+01 2.438518379263647873e+01
-3.268934420408913244e-01 -2.688947122721678795e-01 -4.077801793103752459e+00 -4.911242776790324172e+00 2.039999999999999858e+01 2.437304872492103769e+01
-1.606339937250808592e-01 -1.633639105284772630e-01 -4.270896329462575025e+00 -4.729094237759133179e+00 2.050000000000000000e+01 2.437543641482467649e+01
2.000000000000000000e+00 1.491510030541532306e+00 -2.998567574953069581e+00 -2.009436074854314302e+00 2.060000000000000142e+01 2.438157837688589424e+01
1.950344334016521186e+00 -2.000000000000000000e+00 -2.155891197690988470e+00 -2.168263578104576261e+00 2.070000000000000284e+01 2.438710387316466921e+01
2.186030947575552108e-01 1.868577636338698000e-01 -4.785526191823950448e+00 -4.212975693296498569e+00 2.080000000000000071e+01 2.439264741918039192e+01
0.000000000000000000e+00 7.724434534879920378e-02 -4.551283287046366866e+00 -4.442696950221142416e+00 2.089999999999999858e+01 2.436672064297064821e+01
1.110377302075925554e-01 0.000000000000000000e+00 -4.571264830539523594e+00 -4.416180756117952910e+00 2.100000000000000000e+01 2.436783334901386056e+01
-2.480266113065228151e-01 -3.117123376409197677e-01 -4.103073588387134762e+00 -4.886480949357403958e+00 2.110000000000000142e+01 2.437129536306573740e+01
-2.930873704798969692e-01 -2.654758106583328114e-01 -4.104823243217579964e+00 -4.893164614122720302e+00 2.120000000000000284e+01 2.436357419511998046e+01
1.839827252245087585e-01 1.865077889150668078e-01 -4.761969658249961768e+00 -4.238021553178564105e+00 2.130000000000000071e+01 2.435994128486239418e+01
-6.143309218905737001e-01 8.966467490544254293e-01 -3.890157471369499298e+00 -3.722891817423191085e+00 2.139999999999999858e+01 2.436258381265995254e+01
-2.066258270659636076e-01 -2.282876742840715956e-01 -4.192324458291005307e+00 -4.806921755222061776e+00 2.150000000000000000e+01 2.436403299532963374e+01
-2.524794997642931249e-01 -1.392281504702185813e-01 -4.218904928060574377e+00 -4.763037471398717138e+00 2.160000000000000142e+01 2.436369765867495119e+01
1.438761988825354443e-01 2.014278890064810090e-01 -4.740950404445914756e+00 -4.254721248664465882e+00 2.170000000000000284e+01 2.436242133537122001e+01
0.000000000000000000e+00 -2.646627455904582149e-02 -4.480948031597527859e+00 -4.518350769256724853e+00 2.180000000000000071e+01 2.436644878614302101e+01
3.344407121535690752e-01 3.223960143974899939e-01 -4.963447618838916497e+00 -4.035508691837090822e+00 2.189999999999999858e+01 2.436881577696260592e+01
-2.000000000000000000e+00 -2.604549132019222668e-01 -2.567671946570004859e+00 -3.350923360143776453e+00 2.200000000000000000e+01 2.428856210863385456e+01
3.898066956732371136e-01 3.089061891136807292e-01 -4.942487612384979911e+00 -4.004290748963499347e+00 2.210000000000000142e+01 2.428609373218724699e+01
-4.556011624997926557e-01 -1.541272885677484439e+00 -2.939636510700758265e+00 -3.807904640242997463e+00 2.220000000000000284e+01 2.425559506596104242e+01
8.440985813778317803e-02 1.223659352071819750e-01 -4.645195996935609806e+00 -4.353230325456254768e+00 2.230000000000000071e+01 2.425193594802668429e+01
-1.129249517910231315e-01 -1.727973104334022680e-01 -4.296688472734254916e+00 -4.699043514648429287e+00 2.239999999999999858e+01 2.424866385384338940e+01
5.826252296295852950e-02 7.894699994380260932e-02 -4.596756442963568112e+00 -4.402799083663731849e+00 2.250000000000000000e+01 2.424736083797736086e+01
3.376050197730821045e-01 3.006130914232215678e-01 -4.944709622826092499e+00 -4.048352095355648217e+00 2.260000000000000142e+01 2.424350916569897052e+01
-1.933969213154846656e-01 -1.934274639515987104e-01 -4.226473853747834575e+00 -4.773526144920914760e+00 2.270000000000000284e+01 2.423527277158766680e+01
3.708784693794768828e-01 3.405466510921791867e-01 -4.978335890800739350e+00 -3.996717194599983980e+00 2.280000000000000071e+01 2.423158182874976063e+01
3.627281101874477720e-01 -5.805084678856724523e-01 -4.065893083772111893e+00 -4.248622734260956157e+00 2.289999999999999858e+01 2.424969039340855659e+01
-1.921289570133688951e+00 3.565999856845525895e-01 -2.725154999189908445e+00 -3.278920528714965421e+00 2.300000000000000000e+01 2.424245196324567075e+01
-1.208120569112651532e+00 -1.654364082449522044e-02 -3.395070914623381508e+00 -4.081381126885700539e+00 2.310000000000000142e+01 2.423778995926141278e+01
7.367786783105634285e-01 1.164606395814555828e+00 -4.102966779642764905e+00 -3.130873691387875191e+00 2.320000000000000284e+01 2.423412094016563501e+01
1.978680492361271082e-01 2.290400700884308582e-01 -4.800647316304412549e+00 -4.197827484432049339e+00 2.330000000000000071e+01 2.422925112517859603e+01
0.000000000000000000e+00 0.000000000000000000e+00 -4.500000000000000000e+00 -4.500000000000000000e+00 2.339999999999999858e+01 2.422811811750632671e+01
1.410978780618670214e+00 2.000000000000000000e+00 -3.043233561945303034e+00 -2.058437941226628709e+00 2.350000000000000000e+01 2.422467820826093288e+01
2.366405661430404095e-01 2.426949321788517688e-01 -4.838884493846951074e+00 -4.161047695648531608e+00 2.360000000000000142e+01 2.421933257103555093e+01
1.626573439156089096e+00 4.142954592229974864e-02 -3.689274499197081170e+00 -2.980863109635275787e+00 2.370000000000000284e+01 2.421433765157659579e+01
3.468079897390745625e-01 3.308433870675149269e-01 -4.976309396528923124e+00 -4.020763045870151764e+00 2.380000000000000071e+01 2.420902693886193546e+01
2.384966279554669999e-01 3.041540286093338263e-01 -4.874786759513568768e+00 -4.115069339587717145e+00 2.389999999999999858e+01 2.425599109570543277e+01
0.000000000000000000e+00 -6.499165338823043037e-02 -4.452113192491843563e+00 -4.543636245765735104e+00 2.400000000000000000e+01 2.426611864483668768e+01
-3.408953003880044186e-02 0.000000000000000000e+00 -4.475341030843686951e+00 -4.523494849765117287e+00 2.410000000000000142e+01 2.426598398517181110e+01
1.401792870656463075e-01 1.619801935822036965e-01 -4.713244358609528284e+00 -4.286174507739418438e+00 2.420000000000000284e+01 2.426251969395003982e+01
-1.569416191501595281e-01 -1.950358230403113069e-01 -4.250630077806652807e+00 -4.747445039856851068e+00 2.430000000000000071e+01 2.426427947999783186e+01
-2.631815359553107969e-01 -3.244878893990779667e-01 -4.083429246048863703e+00 -4.905069101603456438e+00 2.439999999999999858e+01 2.427924706123945953e+01
-4.168372903154322628e-01 -4.085581094759165310e-01 -3.916341502239431893e+00 -4.916152691972832223e+00 2.450000000000000000e+01 2.428555881622767743e+01
7.592366585612242424e-02 1.091693698397900592e-01 -4.630132708046161838e+00 -4.368681621494168610e+00 2.460000000000000142e+01 2.425657702880273447e+01
-1.933497108653745578e-01 -8.422214104939285129e-02 -4.299464191857326867e+00 -4.686623962340405569e+00 2.470000000000000284e+01 2.425278569551857544e+01
4.529769542698347529e-02 2.092679080995725194e-01 -4.659647426833742223e+00 -4.310181180974423931e+00 2.480000000000000071e+01 2.425020831165029733e+01
2.417517126421064866e-01 2.100188920087067146e-01 -4.818061088613184495e+00 -4.180242789811950743e+00 2.489999999999999858e+01 2.424889864133329809e+01
3.909486593482137673e-01 3.688292296694040129e-01 -4.959604983169529469e+00 -3.962637983910799910e+00 2.500000000000000000e+01 2.424171388507726732e+01
0.000000000000000000e+00 3.554326234318958000e-02 -4.524468253773068049e+00 -4.474266031793304066e+00 2.510000000000000142e+01 2.415416737074790987e+01
2.000000000000000000e+00 2.000000000000000000e+00 -2.671572875253809709e+00 -1.671572875253809709e+00 2.520000000000000284e+01 2.414784757252472502e+01
0.000000000000000000e+00 -2.218312926547084674e-01 -4.324672276804527371e+00 -4.622706068051264161e+00 2.530000000000000071e+01 2.414128003237510711e+01
7.588918090738361322e-02 9.403353971684258461e-02 -4.619936891635855858e+00 -4.379713789931187762e+00 2.539999999999999858e+01 2.413345823071896135e+01
2.000000000000000000e+00 2.000000000000000000e+00 -2.671572875253809709e+00 -1.671572875253809709e+00 2.550000000000000000e+01 2.412676724047452836e+01
0.000000000000000000e+00 -6.125380883181641423e-02 -4.454963292341803438e+00 -4.541263642711935056e+00 2.560000000000000142e+01 2.411959906124511122e+01
-2.679242279915822200e-01 -2.851429472374846230e-01 -4.108839272431551670e+00 -4.890399168579784295e+00 2.570000000000000284e+01 2.411182861390734189e+01
4.014368147209295135e-01 9.104297265732075317e-01 -4.441068809350717572e+00 -3.527701276709689360e+00 2.580000000000000071e+01 2.413126634325262287e+01
0.000000000000000000e+00 3.474315184039514226e-02 -4.523932811114158348e+00 -4.474857919353302904e+00 2.589999999999999858e+01 2.413231150125104563e+01
-1.487588764274899944e+00 9.834914025551158012e-01 -3.054074427593115537e+00 -3.246795788378762371e+00 2.600000000000000000e+01 2.412714339676124808e+01
1.978173492372955700e+00 -1.693590499372649383e+00 -2.386537051854104252e+00 -2.310641394374264745e+00 2.610000000000000142e+01 2.412043113756984880e+01
-3.190555772714113725e-01 1.010784027137599406e+00 -4.059598525487939646e+00 -3.635226506505736310e+00 2.620000000000000284e+01 2.411353516289663190e+01
1.508719247696558297e+00 -7.961065791833810135e-01 -3.370237378166984321e+00 -3.085865024598776429e+00 2.630000000000000426e+01 2.410692187356150740e+01
3.210421978908317708e-01 2.787758573868885925e-01 -4.918460701969127769e+00 -4.075381437643947002e+00 2.639999999999999858e+01 2.410039175234266295e+01
2.715704113560195587e-01 -1.910230618491282062e-01 -4.449287078924628602e+00 -4.354092982291398961e+00 2.650000000000000000e+01 2.411651912940426001e+01
-1.209944724433604790e+00 4.838253911090507620e-01 -3.431084084531301315e+00 -3.802248214060154119e+00 2.660000000000000142e+01 2.410991536610694652e+01
2.000000000000000000e+00 3.488801725767034512e-01 -3.353546758455152599e+00 -2.543859435406685243e+00 2.670000000000000284e+01 2.410372321222574499e+01
2.467470141820067298e-01 3.003870947704310179e-01 -4.880692594305184429e+00 -4.112307072028236199e+00 2.680000000000000426e+01 2.409741438903267507e+01
2.156396001244664795e-02 6.072757235626213834e-02 -4.557321852986215838e+00 -4.441124572925370551e+00 2.689999999999999858e+01 2.408154803165666635e+01
-2.954925356795877200e-01 -3.477172481358208334e-01 -4.044468146446750012e+00 -4.941646564521942508e+00 2.700000000000000000e+01 2.407421628516533474e+01
-3.309343686874983703e-01 -2.832133514044188338e-01 -4.065122801476275249e+00 -4.926112644755251679e+00 2.710000000000000142e+01 2.412741861032464996e+01
-6.274899633722122450e-02 -1.312960067476912074e-01 -4.360948659757352353e+00 -4.633986966908946847e+00 2.720000000000000284e+01 2.415101277049169681e+01
2.031485915381936458e-02 1.052386841452533917e-01 -4.584418344636952192e+00 -4.408165871200521835e+00 2.730000000000000426e+01 2.414784971543733150e+01
1.361664268399440658e-01 1.709835196294020587e-01 -4.716118246811006998e+00 -4.282389750788929028e+00 2.739999999999999858e+01 2.414364075314053792e+01
2.090867055648467643e-01 2.343011431769995156e-01 -4.812672154774216615e+00 -4.186282093917625069e+00 2.750000000000000000e+01 2.413884786897409640e+01
-3.640278856733588642e-01 -3.332756059503800827e-01 -4.006693925045451188e+00 -4.977176687418205070e+00 2.760000000000000142e+01 2.413480578440458402e+01
-1.815074178772100311e-01 1.120995804201169621e+00 -4.064447795702773369e+00 -3.515447830287949049e+00 2.770000000000000284e+01 2.419501333557613520e+01
-1.152717851153142181e-01 -1.072852191811954764e-01 -4.342604175829315238e+00 -4.657325028985479065e+00 2.780000000000000426e+01 2.419259402349813826e+01
2.342069242650246519e-01 2.784582984813173678e-01 -4.858993433187162481e+00 -4.136923547506222931e+00 2.789999999999999858e+01 2.419080359566276428e+01
1.165670487272574274e+00 -1.907523657282155227e+00 -2.597500552518714478e+00 -2.826784690641339193e+00 2.800000000000000000e+01 2.419871585135485503e+01
-2.000000000000000000e+00 2.000000000000000000e+00 -2.127718676730985692e+00 -2.127718676730985692e+00 2.810000000000000142e+01 2.419674323636989755e+01
-1.512308218001726434e+00 9.839387224736441395e-02 -3.116772471996217320e+00 -3.756227883239241727e+00 2.820000000000000284e+01 2.419472890405165089e+01
-6.108132615832204682e-01 1.130772103554147368e-01 -4.006102704957956284e+00 -4.467152217829990057e+00 2.830000000000000426e+01 2.419262630870195352e+01
6.674040373353763433e-01 1.299913316175469680e+00 -4.002954696511549670e+00 -3.056727960362893626e+00 2.839999999999999858e+01 2.419068865671935242e+01
-3.972334561365324923e-01 -3.597275047667154446e-01 -3.964408128214578220e+00 -4.955885741401560018e+00 2.850000000000000000e+01 2.418916443551337991e+01
1.536905249589821665e-01 1.877799035621835477e-01 -4.740334803907034988e+00 -4.258152222335347403e+00 2.860000000000000142e+01 2.413639740415484880e+01
0.000000000000000000e+00 0.000000000000000000e+00 -4.500000000000000000e+00 -4.500000000000000000e+00 2.870000000000000284e+01 2.413123850739197351e+01
-1.159324732182051010e-01 0.000000000000000000e+00 -4.412278147148831486e+00 -4.574014436425165364e+00 2.880000000000000426e+01 2.412811806733526865e+01
-1.954920161066691087e-01 -8.463119220074122317e-02 -4.297535348066060301e+00 -4.688066438335232178e+00 2.889999999999999858e+01 2.412239548533886691e+01
0.000000000000000000e+00 0.000000000000000000e+00 -4.500000000000000000e+00 -4.500000000000000000e+00 2.900000000000000000e+01 2.411789284231749875e+01
1.700598988251470489e-01 2.316494997340795003e-01 -4.779703790028357879e+00 -4.214739979558957295e+00 2.910000000000000142e+01 2.411347580176207117e+01
3.658273473103057505e-01 3.796740356294736607e-01 -4.971139332810921907e+00 -3.972804252037649420e+00 2.920000000000000284e+01 2.410907683412171210e+01
0.000000000000000000e+00 2.320536775719238970e-02 -4.516130372732790832e+00 -4.483330703453567878e+00 2.930000000000000426e+01 2.423246197638073696e+01
-3.732031430137983108e-01 -3.918159377403023225e-01 -3.958966621687366683e+00 -4.956986801044720004e+00 2.939999999999999858e+01 2.423211897013063165e+01
1.892206656552917199e-01 1.820729617671590361e-01 -4.762490459231780271e+00 -4.237439008682279962e+00 2.950000000000000000e+01 2.422653099310844738e+01
0.000000000000000000e+00 -1.051329012033344501e+00 -3.551312813196051188e+00 -4.217765496877006193e+00 2.960000000000000142e+01 2.422731772995170729e+01
3.343985752198028738e-01 3.393964482274477446e-01 -4.976181394475304387e+00 -4.023548574486298435e+00 2.970000000000000284e+01 2.422591112361375565e+01
-4.214165373263689673e-02 -1.142014502164304668e-01 -4.387326221219647771e+00 -4.607232102614383429e+00 2.980000000000000426e+01 2.425319138237574634e+01
